ID: 12
Nombre: Alex
Bimestre 1: 60.0 70.0 70.0 70.0 70.0 70.0 70.0 
Bimestre 2: 70.0 70.0 70.0 70.0 70.0 70.0 70.0 
Bimestre 3: 70.0 70.0 70.0 70.0 70.0 70.0 70.0 
Bimestre 4: 70.0 70.0 70.0 70.0 70.0 70.0 70.0 
Bimestre 5: 70.0 70.0 70.0 70.0 70.0 70.0 70.0 
-------------------------
ID: 548
Nombre: Adriana Martinez Gonzalez
Bimestre 1: 50.0 70.0 80.0 80.0 80.0 80.0 90.0 
Bimestre 2: 60.0 80.0 70.0 90.0 80.0 80.0 80.0 
Bimestre 3: 50.0 50.0 70.0 90.0 70.0 80.0 80.0 
Bimestre 4: 50.0 60.0 70.0 80.0 90.0 70.0 90.0 
Promedio : 52.5 65.0 72.5 85.0 80.0 77.5 85.0 
-------------------------
